4   5   3   2
-1  -1  -1  -1  -1 
-1  -1  -1  -1  -1 
-1  -1  -1  -1  -1 
-1  -1  -1  -1  -1 


10  10   3   2
-1  -1  -1  -1  -1  -1  -1  -1  -1  -1  
-1  -1  -1  -1  -1  -1  -1  -1  -1  -1 
-1  -1  -1  -1  -1  -1  -1  -1  -1  -1  
-1  -1  -1  -1  -1  -1  -1  -1  -1  -1 
-1  -1  -1  -1  -1  -1  -1  -1  -1  -1  
-1  -1  -1  -1  -1  -1  -1  -1  -1  -1 
-1  -1  -1  -1  -1  -1  -1  -1  -1  -1  
-1  -1  -1  -1  -1  -1  -1  -1  -1  -1 
-1  -1  -1  -1  -1  -1  -1  -1  -1  -1  
-1  -1  -1  -1  -1  -1  -1  -1  -1  -1 



4   5   3   2
-1  -1  -1  -1  -1 
-1  -1  -1  -1  -1 
-1  -1  -1  -1  -1 
-1  -1  -1  -1  -1 

4   5   3   2
1   1   1   0   0
-1  1   1   0   2
-1  -2  -2  2   2
-1  -1  -1  2   2